0 3.38649e-72
0.420837 3.38568e-72
0.841675 3.38327e-72
1.26251 3.37929e-72
1.68335 3.37385e-72
2.10419 3.36704e-72
2.52502 3.35902e-72
2.94586 3.34995e-72
3.3667 3.34005e-72
3.78754 3.32953e-72
4.20837 3.31864e-72
4.62921 3.30765e-72
5.05005 3.29685e-72
5.47089 3.28652e-72
5.89172 3.27696e-72
6.31256 3.26845e-72
6.7334 3.26127e-72
7.15423 3.25568e-72
7.57507 3.2519e-72
7.99591 3.25014e-72
8.41675 3.25054e-72
8.83758 3.25319e-72
9.25842 3.25815e-72
9.67926 3.26539e-72
10.1001 3.27484e-72
10.5209 3.28636e-72
10.9418 3.29973e-72
11.3626 3.31471e-72
11.7834 3.33096e-72
12.2043 3.34814e-72
12.6251 3.36586e-72
13.046 3.3837e-72
13.4668 3.40122e-72
13.8876 3.41801e-72
14.3085 3.43364e-72
14.7293 3.44772e-72
15.1501 3.45988e-72
15.571 3.4698e-72
15.9918 3.4772e-72
16.4127 3.48185e-72
16.8335 3.48358e-72
17.2543 3.48227e-72
17.6752 3.47786e-72
18.096 3.47033e-72
18.5168 3.45971e-72
18.9377 3.4461e-72
19.3585 3.42959e-72
19.7794 3.41035e-72
20.2002 3.38853e-72
20.621 3.36434e-72
21.0419 3.33796e-72
21.4627 3.30962e-72
21.8835 3.27951e-72
22.3044 3.24785e-72
22.7252 3.21484e-72
23.1461 3.18067e-72
23.5669 3.14552e-72
23.9877 3.10956e-72
24.4086 3.07296e-72
24.8294 3.03585e-72
25.2502 2.99838e-72
25.6711 2.96067e-72
26.0919 2.92283e-72
26.5128 2.88497e-72
26.9336 2.84719e-72
27.3544 2.80957e-72
27.7753 2.7722e-72
28.1961 2.73515e-72
28.6169 2.69848e-72
29.0378 2.66227e-72
29.4586 2.62656e-72
29.8795 2.59139e-72
30.3003 2.5568e-72
30.7211 2.52282e-72
31.142 2.48947e-72
31.5628 2.45675e-72
31.9836 2.42469e-72
32.4045 2.39326e-72
32.8253 2.36246e-72
33.2461 2.33228e-72
33.667 2.3027e-72
34.0878 2.2737e-72
34.5087 2.24525e-72
34.9295 2.21733e-72
35.3503 2.18992e-72
35.7712 2.163e-72
36.192 2.13654e-72
36.6128 2.11053e-72
37.0337 2.08495e-72
37.4545 2.05979e-72
37.8754 2.03503e-72
38.2962 2.01068e-72
38.717 1.98673e-72
39.1379 1.96317e-72
39.5587 1.94001e-72
39.9795 1.91723e-72
40.4004 1.89483e-72
40.8212 1.87282e-72
41.2421 1.85119e-72
41.6629 1.82994e-72
42.0837 1.80904e-72
42.5046 1.7885e-72
42.9254 1.7683e-72
43.3462 1.74842e-72
43.7671 1.72885e-72
44.1879 1.70956e-72
44.6088 1.69053e-72
45.0296 1.67174e-72
45.4504 1.65317e-72
45.8713 1.63478e-72
46.2921 1.61656e-72
46.7129 1.59848e-72
47.1338 1.58052e-72
47.5546 1.56267e-72
47.9755 1.54491e-72
48.3963 1.52723e-72
48.8171 1.50961e-72
49.238 1.49204e-72
49.6588 1.47454e-72
50.0796 1.45709e-72
50.5005 1.43969e-72
50.9213 1.42236e-72
51.3422 1.40509e-72
51.763 1.38789e-72
52.1838 1.37078e-72
52.6047 1.35376e-72
53.0255 1.33684e-72
53.4463 1.32004e-72
53.8672 1.30336e-72
54.288 1.28682e-72
54.7089 1.27042e-72
55.1297 1.25417e-72
55.5505 1.23808e-72
55.9714 1.22217e-72
56.3922 1.20643e-72
56.813 1.19088e-72
57.2339 1.17552e-72
57.6547 1.16036e-72
58.0756 1.1454e-72
58.4964 1.13065e-72
58.9172 1.11611e-72
59.3381 1.10179e-72
59.7589 1.08768e-72
60.1797 1.07379e-72
60.6006 1.06012e-72
61.0214 1.04668e-72
61.4423 1.03344e-72
61.8631 1.02043e-72
62.2839 1.00763e-72
62.7048 9.95034e-73
63.1256 9.82643e-73
63.5464 9.70446e-73
63.9673 9.58438e-73
64.3881 9.46609e-73
64.8089 9.3495e-73
65.2298 9.23452e-73
65.6506 9.12105e-73
66.0715 9.00899e-73
66.4923 8.89823e-73
66.9131 8.78869e-73
67.334 8.68025e-73
67.7548 8.57284e-73
68.1756 8.46636e-73
68.5965 8.36075e-73
69.0173 8.25593e-73
69.4382 8.15185e-73
69.859 8.04845e-73
70.2798 7.94571e-73
70.7007 7.84359e-73
71.1215 7.74207e-73
71.5423 7.64114e-73
71.9632 7.5408e-73
72.384 7.44105e-73
72.8049 7.3419e-73
73.2257 7.24336e-73
73.6465 7.14544e-73
74.0674 7.04816e-73
74.4882 6.95154e-73
74.909 6.85559e-73
75.3299 6.76033e-73
75.7507 6.66577e-73
76.1716 6.57191e-73
76.5924 6.47878e-73
77.0132 6.38637e-73
77.4341 6.29469e-73
77.8549 6.20374e-73
78.2757 6.11353e-73
78.6966 6.02405e-73
79.1174 5.93531e-73
79.5383 5.84732e-73
79.9591 5.76006e-73
80.3799 5.67356e-73
80.8008 5.58781e-73
81.2216 5.50284e-73
81.6424 5.41864e-73
82.0633 5.33525e-73
82.4841 5.25267e-73
82.905 5.17092e-73
83.3258 5.09003e-73
83.7466 5.01002e-73
84.1675 4.93092e-73
84.5883 4.85273e-73
85.0091 4.7755e-73
85.43 4.69922e-73
85.8508 4.62394e-73
86.2717 4.54965e-73
86.6925 4.47637e-73
87.1133 4.40411e-73
87.5342 4.33289e-73
87.955 4.26269e-73
88.3758 4.19354e-73
88.7967 4.12542e-73
89.2175 4.05833e-73
89.6384 3.99226e-73
90.0592 3.92722e-73
90.48 3.86319e-73
90.9009 3.80017e-73
91.3217 3.73814e-73
91.7425 3.6771e-73
92.1634 3.61704e-73
92.5842 3.55795e-73
93.0051 3.49982e-73
93.4259 3.44264e-73
93.8467 3.38641e-73
94.2676 3.33111e-73
94.6884 3.27675e-73
95.1092 3.22331e-73
95.5301 3.17078e-73
95.9509 3.11917e-73
96.3717 3.06845e-73
96.7926 3.01863e-73
97.2134 2.96968e-73
97.6343 2.92161e-73
98.0551 2.8744e-73
98.4759 2.82804e-73
98.8968 2.78252e-73
99.3176 2.73781e-73
99.7384 2.69391e-73
100.159 2.6508e-73
100.58 2.60846e-73
101.001 2.56688e-73
101.422 2.52603e-73
101.843 2.4859e-73
102.263 2.44647e-73
102.684 2.40772e-73
103.105 2.36963e-73
103.526 2.33219e-73
103.947 2.29537e-73
104.368 2.25916e-73
104.788 2.22355e-73
105.209 2.18852e-73
105.63 2.15405e-73
106.051 2.12013e-73
106.472 2.08675e-73
106.893 2.0539e-73
107.314 2.02156e-73
107.734 1.98973e-73
108.155 1.9584e-73
108.576 1.92756e-73
108.997 1.8972e-73
109.418 1.86731e-73
109.839 1.8379e-73
110.259 1.80894e-73
110.68 1.78044e-73
111.101 1.75239e-73
111.522 1.72478e-73
111.943 1.69762e-73
112.364 1.67089e-73
112.784 1.6446e-73
113.205 1.61873e-73
113.626 1.59328e-73
114.047 1.56825e-73
114.468 1.54363e-73
114.889 1.51941e-73
115.309 1.4956e-73
115.73 1.47218e-73
116.151 1.44915e-73
116.572 1.4265e-73
116.993 1.40423e-73
117.414 1.38233e-73
117.834 1.36079e-73
118.255 1.33961e-73
118.676 1.31877e-73
119.097 1.29828e-73
119.518 1.27813e-73
119.939 1.2583e-73
120.359 1.23879e-73
120.78 1.2196e-73
121.201 1.20071e-73
121.622 1.18212e-73
122.043 1.16383e-73
122.464 1.14582e-73
122.885 1.1281e-73
123.305 1.11065e-73
123.726 1.09348e-73
124.147 1.07657e-73
124.568 1.05992e-73
124.989 1.04354e-73
125.41 1.02741e-73
125.83 1.01153e-73
126.251 9.95906e-74
126.672 9.80525e-74
127.093 9.65389e-74
127.514 9.50494e-74
127.935 9.35837e-74
128.355 9.21415e-74
128.776 9.07226e-74
129.197 8.93266e-74
129.618 8.79533e-74
130.039 8.66022e-74
130.46 8.52731e-74
130.88 8.39654e-74
131.301 8.26789e-74
131.722 8.14131e-74
132.143 8.01675e-74
132.564 7.89418e-74
132.985 7.77354e-74
133.405 7.65478e-74
133.826 7.53787e-74
134.247 7.42277e-74
134.668 7.30942e-74
135.089 7.19779e-74
135.51 7.08785e-74
135.93 6.97955e-74
136.351 6.87288e-74
136.772 6.7678e-74
137.193 6.66428e-74
137.614 6.56232e-74
138.035 6.46189e-74
138.455 6.36298e-74
138.876 6.26557e-74
139.297 6.16965e-74
139.718 6.07523e-74
140.139 5.98228e-74
140.56 5.8908e-74
140.981 5.8008e-74
141.401 5.71225e-74
141.822 5.62515e-74
142.243 5.5395e-74
142.664 5.45528e-74
143.085 5.37248e-74
143.506 5.29109e-74
143.926 5.21109e-74
144.347 5.13246e-74
144.768 5.05518e-74
145.189 4.97923e-74
145.61 4.90458e-74
146.031 4.8312e-74
146.451 4.75907e-74
146.872 4.68815e-74
147.293 4.6184e-74
147.714 4.54981e-74
148.135 4.48233e-74
148.556 4.41593e-74
148.976 4.35058e-74
149.397 4.28624e-74
149.818 4.22288e-74
150.239 4.16046e-74
150.66 4.09897e-74
151.081 4.03836e-74
151.501 3.97862e-74
151.922 3.91973e-74
152.343 3.86165e-74
152.764 3.80438e-74
153.185 3.74789e-74
153.606 3.69218e-74
154.026 3.63723e-74
154.447 3.58305e-74
154.868 3.52961e-74
155.289 3.47692e-74
155.71 3.42498e-74
156.131 3.37378e-74
156.551 3.32333e-74
156.972 3.27363e-74
157.393 3.22468e-74
157.814 3.17648e-74
158.235 3.12904e-74
158.656 3.08236e-74
159.077 3.03643e-74
159.497 2.99127e-74
159.918 2.94686e-74
160.339 2.90321e-74
160.76 2.86031e-74
161.181 2.81816e-74
161.602 2.77674e-74
162.022 2.73605e-74
162.443 2.69607e-74
162.864 2.65679e-74
163.285 2.61819e-74
163.706 2.58025e-74
164.127 2.54296e-74
164.547 2.50629e-74
164.968 2.47022e-74
165.389 2.43474e-74
165.81 2.39982e-74
166.231 2.36544e-74
166.652 2.33157e-74
167.072 2.29821e-74
167.493 2.26533e-74
167.914 2.23292e-74
168.335 2.20096e-74
168.756 2.16943e-74
169.177 2.13833e-74
169.597 2.10764e-74
170.018 2.07736e-74
170.439 2.04748e-74
170.86 2.018e-74
171.281 1.98891e-74
171.702 1.96022e-74
172.122 1.93192e-74
172.543 1.90401e-74
172.964 1.87649e-74
173.385 1.84937e-74
173.806 1.82265e-74
174.227 1.79633e-74
174.647 1.77041e-74
175.068 1.74488e-74
175.489 1.71976e-74
175.91 1.69504e-74
176.331 1.67071e-74
176.752 1.64678e-74
177.173 1.62324e-74
177.593 1.60009e-74
178.014 1.57731e-74
178.435 1.55491e-74
178.856 1.53287e-74
179.277 1.51119e-74
179.698 1.48986e-74
180.118 1.46886e-74
180.539 1.44819e-74
180.96 1.42784e-74
181.381 1.40779e-74
181.802 1.38805e-74
182.223 1.36859e-74
182.643 1.34941e-74
183.064 1.33051e-74
183.485 1.31187e-74
183.906 1.29349e-74
184.327 1.27536e-74
184.748 1.25747e-74
185.168 1.23983e-74
185.589 1.22243e-74
186.01 1.20527e-74
186.431 1.18834e-74
186.852 1.17164e-74
187.273 1.15518e-74
187.693 1.13895e-74
188.114 1.12295e-74
188.535 1.10718e-74
188.956 1.09164e-74
189.377 1.07634e-74
189.798 1.06127e-74
190.218 1.04644e-74
190.639 1.03183e-74
191.06 1.01746e-74
191.481 1.00331e-74
191.902 9.89394e-75
192.323 9.75699e-75
192.743 9.62225e-75
193.164 9.48968e-75
193.585 9.35923e-75
194.006 9.23085e-75
194.427 9.10449e-75
194.848 8.98009e-75
195.269 8.85759e-75
195.689 8.73693e-75
196.11 8.61804e-75
196.531 8.50085e-75
196.952 8.38531e-75
197.373 8.27135e-75
197.794 8.15891e-75
198.214 8.04794e-75
198.635 7.93838e-75
199.056 7.83021e-75
199.477 7.72337e-75
199.898 7.61784e-75
200.319 7.51359e-75
200.739 7.41061e-75
201.16 7.30889e-75
201.581 7.20841e-75
202.002 7.10917e-75
202.423 7.01118e-75
202.844 6.91444e-75
203.264 6.81897e-75
203.685 6.72477e-75
204.106 6.63186e-75
204.527 6.54026e-75
204.948 6.44998e-75
205.369 6.36104e-75
205.789 6.27345e-75
206.21 6.18723e-75
206.631 6.10236e-75
207.052 6.01887e-75
207.473 5.93674e-75
207.894 5.85595e-75
208.314 5.77651e-75
208.735 5.69838e-75
209.156 5.62155e-75
209.577 5.54597e-75
209.998 5.47163e-75
210.419 5.39849e-75
210.84 5.32651e-75
211.26 5.25564e-75
211.681 5.18586e-75
212.102 5.11712e-75
212.523 5.04938e-75
212.944 4.9826e-75
213.365 4.91674e-75
213.785 4.85176e-75
214.206 4.78764e-75
214.627 4.72433e-75
215.048 4.66181e-75
215.469 4.60006e-75
215.89 4.53905e-75
216.31 4.47877e-75
216.731 4.41921e-75
217.152 4.36036e-75
217.573 4.30221e-75
217.994 4.24475e-75
218.415 4.18799e-75
218.835 4.13193e-75
219.256 4.07656e-75
219.677 4.02189e-75
220.098 3.96793e-75
220.519 3.91467e-75
220.94 3.86211e-75
221.36 3.81027e-75
221.781 3.75913e-75
222.202 3.7087e-75
222.623 3.65898e-75
223.044 3.60997e-75
223.465 3.56166e-75
223.885 3.51404e-75
224.306 3.46712e-75
224.727 3.42088e-75
225.148 3.37531e-75
225.569 3.33041e-75
225.99 3.28615e-75
226.41 3.24254e-75
226.831 3.19956e-75
227.252 3.15719e-75
227.673 3.11543e-75
228.094 3.07426e-75
228.515 3.03367e-75
228.936 2.99366e-75
229.356 2.9542e-75
229.777 2.9153e-75
230.198 2.87694e-75
230.619 2.83912e-75
231.04 2.80182e-75
231.461 2.76503e-75
231.881 2.72876e-75
232.302 2.69299e-75
232.723 2.65772e-75
233.144 2.62294e-75
233.565 2.58865e-75
233.986 2.55484e-75
234.406 2.5215e-75
234.827 2.48864e-75
235.248 2.45623e-75
235.669 2.42428e-75
236.09 2.39278e-75
236.511 2.3617e-75
236.931 2.33106e-75
237.352 2.30082e-75
237.773 2.271e-75
238.194 2.24156e-75
238.615 2.21252e-75
239.036 2.18385e-75
239.456 2.15555e-75
239.877 2.1276e-75
240.298 2.10001e-75
240.719 2.07275e-75
241.14 2.04583e-75
241.561 2.01923e-75
241.981 1.99295e-75
242.402 1.96697e-75
242.823 1.94129e-75
243.244 1.91591e-75
243.665 1.89083e-75
244.086 1.86603e-75
244.506 1.84153e-75
244.927 1.81732e-75
245.348 1.7934e-75
245.769 1.76978e-75
246.19 1.74647e-75
246.611 1.72346e-75
247.032 1.70076e-75
247.452 1.67838e-75
247.873 1.65632e-75
248.294 1.63458e-75
248.715 1.61316e-75
249.136 1.59206e-75
249.557 1.57127e-75
249.977 1.5508e-75
250.398 1.53065e-75
250.819 1.5108e-75
251.24 1.49125e-75
251.661 1.472e-75
252.082 1.45304e-75
252.502 1.43437e-75
252.923 1.41598e-75
253.344 1.39786e-75
253.765 1.38001e-75
254.186 1.36242e-75
254.607 1.34507e-75
255.027 1.32796e-75
255.448 1.31108e-75
255.869 1.29441e-75
256.29 1.27795e-75
256.711 1.2617e-75
257.132 1.24563e-75
257.552 1.22976e-75
257.973 1.21406e-75
258.394 1.19854e-75
258.815 1.18319e-75
259.236 1.16802e-75
259.657 1.15302e-75
260.077 1.13819e-75
260.498 1.12353e-75
260.919 1.10904e-75
261.34 1.09471e-75
261.761 1.08056e-75
262.182 1.06658e-75
262.602 1.05278e-75
263.023 1.03914e-75
263.444 1.02568e-75
263.865 1.01239e-75
264.286 9.99274e-76
264.707 9.86335e-76
265.128 9.73572e-76
265.548 9.60983e-76
265.969 9.48569e-76
266.39 9.36328e-76
266.811 9.24258e-76
267.232 9.12355e-76
267.653 9.00619e-76
268.073 8.89045e-76
268.494 8.7763e-76
268.915 8.66372e-76
269.336 8.55266e-76
269.757 8.44311e-76
270.178 8.33504e-76
270.598 8.2284e-76
271.019 8.12318e-76
271.44 8.01934e-76
271.861 7.91686e-76
272.282 7.81571e-76
272.703 7.71586e-76
273.123 7.6173e-76
273.544 7.52e-76
273.965 7.42396e-76
274.386 7.32916e-76
274.807 7.23559e-76
275.228 7.14325e-76
275.648 7.05215e-76
276.069 6.96226e-76
276.49 6.87358e-76
276.911 6.78611e-76
277.332 6.69981e-76
277.753 6.61468e-76
278.173 6.53068e-76
278.594 6.44779e-76
279.015 6.36598e-76
279.436 6.28523e-76
279.857 6.20551e-76
280.278 6.1268e-76
280.699 6.04909e-76
281.119 5.97235e-76
281.54 5.89658e-76
281.961 5.82175e-76
282.382 5.74786e-76
282.803 5.67486e-76
283.224 5.60275e-76
283.644 5.5315e-76
284.065 5.46107e-76
284.486 5.39145e-76
284.907 5.32261e-76
285.328 5.25454e-76
285.749 5.18723e-76
286.169 5.12068e-76
286.59 5.0549e-76
287.011 4.9899e-76
287.432 4.9257e-76
287.853 4.86232e-76
288.274 4.79977e-76
288.694 4.73807e-76
289.115 4.67723e-76
289.536 4.61724e-76
289.957 4.55812e-76
290.378 4.49984e-76
290.799 4.44242e-76
291.219 4.38583e-76
291.64 4.33007e-76
292.061 4.27513e-76
292.482 4.221e-76
292.903 4.16767e-76
293.324 4.11514e-76
293.744 4.06338e-76
294.165 4.01237e-76
294.586 3.96209e-76
295.007 3.91251e-76
295.428 3.86358e-76
295.849 3.81528e-76
296.269 3.76756e-76
296.69 3.72038e-76
297.111 3.67371e-76
297.532 3.62753e-76
297.953 3.5818e-76
298.374 3.53652e-76
298.795 3.49167e-76
299.215 3.44725e-76
299.636 3.40326e-76
300.057 3.35971e-76
300.478 3.31659e-76
300.899 3.27392e-76
301.32 3.23169e-76
301.74 3.18992e-76
302.161 3.14862e-76
302.582 3.1078e-76
303.003 3.06748e-76
303.424 3.02769e-76
303.845 2.98843e-76
304.265 2.94974e-76
304.686 2.91164e-76
305.107 2.87415e-76
305.528 2.83729e-76
305.949 2.80107e-76
306.37 2.7655e-76
306.79 2.73056e-76
307.211 2.69626e-76
307.632 2.66256e-76
308.053 2.62946e-76
308.474 2.59691e-76
308.895 2.5649e-76
309.315 2.53338e-76
309.736 2.50234e-76
310.157 2.47172e-76
310.578 2.44151e-76
310.999 2.41166e-76
311.42 2.38215e-76
311.84 2.35295e-76
312.261 2.32401e-76
312.682 2.29531e-76
313.103 2.26681e-76
313.524 2.23851e-76
313.945 2.21036e-76
314.365 2.18237e-76
314.786 2.15452e-76
315.207 2.12681e-76
315.628 2.09925e-76
316.049 2.07186e-76
316.47 2.04465e-76
316.891 2.01764e-76
317.311 1.99088e-76
317.732 1.96439e-76
318.153 1.93821e-76
318.574 1.91236e-76
318.995 1.88689e-76
319.416 1.86182e-76
319.836 1.83718e-76
320.257 1.81299e-76
320.678 1.78928e-76
321.099 1.76605e-76
321.52 1.74333e-76
321.941 1.72111e-76
322.361 1.69939e-76
322.782 1.67816e-76
323.203 1.65741e-76
323.624 1.63712e-76
324.045 1.61726e-76
324.466 1.59779e-76
324.886 1.5787e-76
325.307 1.55994e-76
325.728 1.54147e-76
326.149 1.52326e-76
326.57 1.50527e-76
326.991 1.48746e-76
327.411 1.4698e-76
327.832 1.45225e-76
328.253 1.43478e-76
328.674 1.41736e-76
329.095 1.39998e-76
329.516 1.3826e-76
329.936 1.36523e-76
330.357 1.34785e-76
330.778 1.33047e-76
331.199 1.3131e-76
331.62 1.29575e-76
332.041 1.27845e-76
332.461 1.26122e-76
332.882 1.2441e-76
333.303 1.22712e-76
333.724 1.21032e-76
334.145 1.19373e-76
334.566 1.17738e-76
334.987 1.16131e-76
335.407 1.14555e-76
335.828 1.13011e-76
336.249 1.11501e-76
336.67 1.10026e-76
337.091 1.08589e-76
337.512 1.07189e-76
337.932 1.05826e-76
338.353 1.04501e-76
338.774 1.03212e-76
339.195 1.01958e-76
339.616 1.00738e-76
340.037 9.95489e-77
340.457 9.83887e-77
340.878 9.72538e-77
341.299 9.61407e-77
341.72 9.50456e-77
342.141 9.39642e-77
342.562 9.28928e-77
342.982 9.18273e-77
343.403 9.07643e-77
343.824 8.97008e-77
344.245 8.86343e-77
344.666 8.75631e-77
345.087 8.64861e-77
345.507 8.54028e-77
345.928 8.43136e-77
346.349 8.32192e-77
346.77 8.2121e-77
347.191 8.10206e-77
347.612 7.99201e-77
348.032 7.88217e-77
348.453 7.77279e-77
348.874 7.66412e-77
349.295 7.55644e-77
349.716 7.45e-77
350.137 7.34508e-77
350.558 7.24195e-77
350.978 7.14087e-77
351.399 7.04206e-77
351.82 6.94575e-77
352.241 6.85209e-77
352.662 6.76122e-77
353.083 6.67321e-77
353.503 6.58806e-77
353.924 6.50574e-77
354.345 6.42616e-77
354.766 6.34915e-77
355.187 6.27453e-77
355.608 6.20207e-77
356.028 6.13151e-77
356.449 6.06259e-77
356.87 5.99504e-77
357.291 5.92856e-77
357.712 5.8629e-77
358.133 5.79777e-77
358.553 5.73294e-77
358.974 5.66816e-77
359.395 5.60324e-77
359.816 5.53797e-77
360.237 5.47222e-77
360.658 5.40589e-77
361.078 5.3389e-77
361.499 5.27124e-77
361.92 5.20295e-77
362.341 5.13411e-77
362.762 5.06485e-77
363.183 4.99533e-77
363.603 4.92576e-77
364.024 4.85634e-77
364.445 4.78728e-77
364.866 4.71883e-77
365.287 4.65119e-77
365.708 4.58458e-77
366.128 4.51919e-77
366.549 4.4552e-77
366.97 4.39276e-77
367.391 4.33202e-77
367.812 4.27308e-77
368.233 4.21605e-77
368.654 4.16095e-77
369.074 4.10782e-77
369.495 4.05662e-77
369.916 4.00728e-77
370.337 3.95968e-77
370.758 3.91366e-77
371.179 3.86904e-77
371.599 3.8256e-77
372.02 3.78312e-77
372.441 3.74137e-77
372.862 3.70014e-77
373.283 3.65922e-77
373.704 3.61845e-77
374.124 3.57768e-77
374.545 3.53677e-77
374.966 3.49564e-77
375.387 3.45419e-77
375.808 3.41237e-77
376.229 3.37015e-77
376.649 3.32749e-77
377.07 3.2844e-77
377.491 3.24091e-77
377.912 3.1971e-77
378.333 3.15305e-77
378.754 3.10891e-77
379.174 3.06483e-77
379.595 3.021e-77
380.016 2.97762e-77
380.437 2.93488e-77
380.858 2.89297e-77
381.279 2.85205e-77
381.699 2.81223e-77
382.12 2.77361e-77
382.541 2.73621e-77
382.962 2.70006e-77
383.383 2.66513e-77
383.804 2.63139e-77
384.224 2.59879e-77
384.645 2.56728e-77
385.066 2.5368e-77
385.487 2.5073e-77
385.908 2.47872e-77
386.329 2.45097e-77
386.75 2.42395e-77
387.17 2.39755e-77
387.591 2.37163e-77
388.012 2.34602e-77
388.433 2.32054e-77
388.854 2.29502e-77
389.275 2.26928e-77
389.695 2.2432e-77
390.116 2.21668e-77
390.537 2.18964e-77
390.958 2.16208e-77
391.379 2.13404e-77
391.8 2.10558e-77
392.22 2.07679e-77
392.641 2.04778e-77
393.062 2.01866e-77
393.483 1.98954e-77
393.904 1.9605e-77
394.325 1.93164e-77
394.745 1.90302e-77
395.166 1.87473e-77
395.587 1.84684e-77
396.008 1.81946e-77
396.429 1.79268e-77
396.85 1.76662e-77
397.27 1.74141e-77
397.691 1.71716e-77
398.112 1.69396e-77
398.533 1.67189e-77
398.954 1.65099e-77
399.375 1.63123e-77
399.795 1.61258e-77
400.216 1.59494e-77
400.637 1.57818e-77
401.058 1.56214e-77
401.479 1.54668e-77
401.9 1.53163e-77
402.32 1.51683e-77
402.741 1.50216e-77
403.162 1.48747e-77
403.583 1.47268e-77
404.004 1.45768e-77
404.425 1.44241e-77
404.846 1.42678e-77
405.266 1.41074e-77
405.687 1.39423e-77
406.108 1.37721e-77
406.529 1.35966e-77
406.95 1.34157e-77
407.371 1.32296e-77
407.791 1.30389e-77
408.212 1.28444e-77
408.633 1.26471e-77
409.054 1.24484e-77
409.475 1.22495e-77
409.896 1.2052e-77
410.316 1.18573e-77
410.737 1.16665e-77
411.158 1.1481e-77
411.579 1.13015e-77
412 1.11288e-77
412.421 1.09634e-77
412.841 1.08059e-77
413.262 1.06563e-77
413.683 1.05148e-77
414.104 1.03815e-77
414.525 1.02562e-77
414.946 1.01386e-77
415.366 1.00284e-77
415.787 9.92477e-78
416.208 9.82705e-78
416.629 9.73423e-78
417.05 9.64518e-78
417.471 9.55871e-78
417.891 9.4736e-78
418.312 9.38866e-78
418.733 9.30283e-78
419.154 9.21518e-78
419.575 9.12497e-78
419.996 9.03166e-78
420.416 8.93486e-78
420.837 8.83437e-78
421.258 8.73008e-78
421.679 8.62199e-78
422.1 8.51015e-78
422.521 8.39472e-78
422.942 8.27589e-78
423.362 8.15399e-78
423.783 8.02943e-78
424.204 7.90281e-78
424.625 7.77488e-78
425.046 7.64655e-78
425.467 7.51885e-78
425.887 7.39294e-78
426.308 7.26995e-78
426.729 7.15099e-78
427.15 7.03704e-78
427.571 6.92885e-78
427.992 6.82694e-78
428.412 6.73156e-78
428.833 6.64266e-78
429.254 6.55998e-78
429.675 6.48305e-78
430.096 6.41128e-78
430.517 6.34404e-78
430.937 6.28068e-78
431.358 6.22061e-78
431.779 6.1633e-78
432.2 6.10827e-78
432.621 6.05512e-78
433.042 6.00341e-78
433.462 5.95271e-78
433.883 5.90249e-78
434.304 5.85216e-78
434.725 5.80102e-78
435.146 5.7483e-78
435.567 5.69322e-78
435.987 5.635e-78
436.408 5.573e-78
436.829 5.50672e-78
437.25 5.4359e-78
437.671 5.36053e-78
438.092 5.2809e-78
438.513 5.19757e-78
438.933 5.11129e-78
439.354 5.02304e-78
439.775 4.93384e-78
440.196 4.84476e-78
440.617 4.75682e-78
441.038 4.67094e-78
441.458 4.58789e-78
441.879 4.50827e-78
442.3 4.43256e-78
442.721 4.36105e-78
443.142 4.29396e-78
443.563 4.23141e-78
443.983 4.17345e-78
444.404 4.12009e-78
444.825 4.07129e-78
445.246 4.02693e-78
445.667 3.98686e-78
446.088 3.9508e-78
446.508 3.91837e-78
446.929 3.88908e-78
447.35 3.86232e-78
447.771 3.83738e-78
448.192 3.8135e-78
448.613 3.78987e-78
449.033 3.76571e-78
449.454 3.74029e-78
449.875 3.713e-78
450.296 3.68331e-78
450.717 3.65085e-78
451.138 3.61537e-78
451.558 3.57674e-78
451.979 3.53496e-78
452.4 3.49011e-78
452.821 3.44234e-78
453.242 3.3919e-78
453.663 3.33908e-78
454.083 3.28424e-78
454.504 3.22782e-78
454.925 3.17031e-78
455.346 3.11226e-78
455.767 3.05424e-78
456.188 2.99685e-78
456.609 2.94068e-78
457.029 2.88627e-78
457.45 2.83409e-78
457.871 2.78452e-78
458.292 2.73785e-78
458.713 2.69425e-78
459.134 2.65382e-78
459.554 2.6166e-78
459.975 2.58255e-78
460.396 2.55162e-78
460.817 2.52373e-78
461.238 2.49878e-78
461.659 2.47663e-78
462.079 2.45708e-78
462.5 2.43986e-78
462.921 2.42459e-78
463.342 2.41079e-78
463.763 2.3979e-78
464.184 2.38524e-78
464.604 2.37213e-78
465.025 2.3579e-78
465.446 2.34196e-78
465.867 2.32384e-78
466.288 2.30326e-78
466.709 2.28013e-78
467.129 2.25455e-78
467.55 2.22676e-78
467.971 2.19715e-78
468.392 2.16613e-78
468.813 2.13412e-78
469.234 2.10146e-78
469.654 2.06841e-78
470.075 2.03513e-78
470.496 2.0017e-78
470.917 1.96813e-78
471.338 1.93444e-78
471.759 1.90071e-78
472.179 1.86708e-78
472.6 1.83383e-78
473.021 1.80133e-78
473.442 1.77004e-78
473.863 1.74043e-78
474.284 1.71298e-78
474.705 1.68805e-78
475.125 1.66588e-78
475.546 1.64654e-78
475.967 1.62988e-78
476.388 1.61563e-78
476.809 1.60336e-78
477.23 1.59255e-78
477.65 1.58267e-78
478.071 1.57324e-78
478.492 1.56383e-78
478.913 1.5541e-78
479.334 1.54381e-78
479.755 1.53281e-78
480.175 1.52101e-78
480.596 1.50835e-78
481.017 1.49476e-78
481.438 1.48019e-78
481.859 1.46455e-78
482.28 1.44777e-78
482.7 1.42981e-78
483.121 1.41064e-78
483.542 1.39034e-78
483.963 1.36901e-78
484.384 1.34687e-78
484.805 1.32417e-78
485.225 1.3012e-78
485.646 1.27827e-78
486.067 1.25564e-78
486.488 1.23353e-78
486.909 1.21212e-78
487.33 1.19152e-78
487.75 1.17179e-78
488.171 1.153e-78
488.592 1.1352e-78
489.013 1.11848e-78
489.434 1.10298e-78
489.855 1.08885e-78
490.275 1.07626e-78
490.696 1.06535e-78
491.117 1.05623e-78
491.538 1.04888e-78
491.959 1.04318e-78
492.38 1.03889e-78
492.801 1.03562e-78
493.221 1.03292e-78
493.642 1.03028e-78
494.063 1.0272e-78
494.484 1.02322e-78
494.905 1.01801e-78
495.326 1.01132e-78
495.746 1.00308e-78
496.167 9.93306e-79
496.588 9.82114e-79
497.009 9.69682e-79
497.43 9.56204e-79
497.851 9.41865e-79
498.271 9.26821e-79
498.692 9.11194e-79
499.113 8.95083e-79
499.534 8.78583e-79
499.955 8.61808e-79
500.376 8.44911e-79
500.796 8.28092e-79
501.217 8.11599e-79
501.638 7.95705e-79
502.059 7.80688e-79
502.48 7.66794e-79
502.901 7.54205e-79
503.321 7.43016e-79
503.742 7.33227e-79
504.163 7.24746e-79
504.584 7.17413e-79
505.005 7.1103e-79
505.426 7.05399e-79
505.846 7.00355e-79
506.267 6.95788e-79
506.688 6.91653e-79
507.109 6.87958e-79
507.53 6.84743e-79
507.951 6.8204e-79
508.372 6.7984e-79
508.792 6.78063e-79
509.213 6.76539e-79
509.634 6.75009e-79
510.055 6.73148e-79
510.476 6.70598e-79
510.897 6.67021e-79
511.317 6.62148e-79
511.738 6.55816e-79
512.159 6.48e-79
512.58 6.38817e-79
513.001 6.28509e-79
513.422 6.17403e-79
513.842 6.05869e-79
514.263 5.94257e-79
514.684 5.82856e-79
515.105 5.71856e-79
515.526 5.61335e-79
515.947 5.5127e-79
516.367 5.41559e-79
516.788 5.32073e-79
517.209 5.22695e-79
517.63 5.1337e-79
518.051 5.04131e-79
518.472 4.95116e-79
518.892 4.86549e-79
519.313 4.7872e-79
519.734 4.7193e-79
520.155 4.66443e-79
520.576 4.62435e-79
520.997 4.5996e-79
521.417 4.58926e-79
521.838 4.591e-79
522.259 4.60134e-79
522.68 4.6161e-79
523.101 4.63085e-79
523.522 4.64155e-79
523.942 4.64495e-79
524.363 4.63897e-79
524.784 4.62277e-79
525.205 4.59673e-79
525.626 4.56216e-79
526.047 4.52092e-79
526.468 4.475e-79
526.888 4.42606e-79
527.309 4.37517e-79
527.73 4.32262e-79
528.151 4.26793e-79
528.572 4.21003e-79
528.993 4.14753e-79
529.413 4.07914e-79
529.834 4.00401e-79
530.255 3.92205e-79
530.676 3.83406e-79
531.097 3.74185e-79
531.518 3.64803e-79
531.938 3.55578e-79
532.359 3.46847e-79
532.78 3.3893e-79
533.201 3.32089e-79
533.622 3.26503e-79
534.043 3.22248e-79
534.463 3.19298e-79
534.884 3.17532e-79
535.305 3.16759e-79
535.726 3.16746e-79
536.147 3.17248e-79
536.568 3.18033e-79
536.988 3.18908e-79
537.409 3.19725e-79
537.83 3.20382e-79
538.251 3.2082e-79
538.672 3.21006e-79
539.093 3.20919e-79
539.513 3.20537e-79
539.934 3.19825e-79
540.355 3.18737e-79
540.776 3.17216e-79
541.197 3.15205e-79
541.618 3.1266e-79
542.038 3.09559e-79
542.459 3.05916e-79
542.88 3.01777e-79
543.301 2.97226e-79
543.722 2.92365e-79
544.143 2.87308e-79
544.564 2.8216e-79
544.984 2.77007e-79
545.405 2.71903e-79
545.826 2.6687e-79
546.247 2.61902e-79
546.668 2.5698e-79
547.089 2.52084e-79
547.509 2.47216e-79
547.93 2.42406e-79
548.351 2.37728e-79
548.772 2.33293e-79
549.193 2.29242e-79
549.614 2.25724e-79
550.034 2.22879e-79
550.455 2.20809e-79
550.876 2.19561e-79
551.297 2.19115e-79
551.718 2.19383e-79
552.139 2.2022e-79
552.559 2.21438e-79
552.98 2.22834e-79
553.401 2.24215e-79
553.822 2.25419e-79
554.243 2.26331e-79
554.664 2.26885e-79
555.084 2.27061e-79
555.505 2.2687e-79
555.926 2.26336e-79
556.347 2.25476e-79
556.768 2.24287e-79
557.189 2.22739e-79
557.609 2.20779e-79
558.03 2.18346e-79
558.451 2.15387e-79
558.872 2.11883e-79
559.293 2.07863e-79
559.714 2.03418e-79
560.134 1.987e-79
560.555 1.93905e-79
560.976 1.89253e-79
561.397 1.84955e-79
561.818 1.8118e-79
562.239 1.78032e-79
562.66 1.75531e-79
563.08 1.73615e-79
563.501 1.72154e-79
563.922 1.70975e-79
564.343 1.69902e-79
564.764 1.6879e-79
565.185 1.67557e-79
565.605 1.662e-79
566.026 1.64798e-79
566.447 1.63497e-79
566.868 1.62474e-79
567.289 1.61902e-79
567.71 1.61907e-79
568.13 1.62534e-79
568.551 1.63725e-79
568.972 1.65321e-79
569.393 1.67076e-79
569.814 1.68696e-79
570.235 1.69882e-79
570.655 1.70378e-79
571.076 1.70012e-79
571.497 1.68725e-79
571.918 1.6658e-79
572.339 1.63745e-79
572.76 1.60466e-79
573.18 1.57026e-79
573.601 1.53692e-79
574.022 1.5068e-79
574.443 1.48118e-79
574.864 1.4604e-79
575.285 1.44385e-79
575.705 1.43024e-79
576.126 1.41793e-79
576.547 1.40533e-79
576.968 1.39123e-79
577.389 1.37503e-79
577.81 1.35687e-79
578.23 1.33755e-79
578.651 1.31829e-79
579.072 1.30052e-79
579.493 1.28548e-79
579.914 1.27401e-79
580.335 1.26636e-79
580.756 1.26216e-79
581.176 1.26056e-79
581.597 1.2604e-79
582.018 1.26051e-79
582.439 1.25998e-79
582.86 1.25835e-79
583.281 1.25571e-79
583.701 1.25267e-79
584.122 1.25015e-79
584.543 1.24918e-79
584.964 1.25057e-79
585.385 1.25468e-79
585.806 1.26122e-79
586.226 1.26924e-79
586.647 1.27718e-79
587.068 1.28315e-79
587.489 1.28519e-79
587.91 1.28164e-79
588.331 1.27139e-79
588.751 1.25413e-79
589.172 1.23041e-79
589.593 1.20153e-79
590.014 1.1694e-79
590.435 1.13623e-79
590.856 1.10421e-79
591.276 1.07521e-79
591.697 1.05057e-79
592.118 1.03101e-79
592.539 1.01658e-79
592.96 1.00684e-79
593.381 1.00097e-79
593.801 9.98046e-80
594.222 9.97189e-80
594.643 9.97721e-80
595.064 9.99222e-80
595.485 1.00152e-79
595.906 1.0046e-79
596.327 1.00851e-79
596.747 1.01323e-79
597.168 1.01859e-79
597.589 1.02425e-79
598.01 1.02972e-79
598.431 1.03443e-79
598.852 1.03787e-79
599.272 1.03964e-79
599.693 1.03956e-79
600.114 1.03769e-79
600.535 1.03429e-79
600.956 1.02972e-79
601.377 1.02435e-79
601.797 1.01842e-79
602.218 1.01195e-79
602.639 1.00472e-79
603.06 9.96317e-80
603.481 9.86212e-80
603.902 9.73931e-80
604.322 9.5921e-80
604.743 9.42142e-80
605.164 9.23252e-80
605.585 9.03495e-80
606.006 8.84159e-80
606.427 8.66683e-80
606.847 8.52426e-80
607.268 8.42426e-80
607.689 8.37195e-80
608.11 8.36595e-80
608.531 8.39824e-80
608.952 8.4552e-80
609.372 8.5197e-80
609.793 8.5739e-80
610.214 8.60224e-80
610.635 8.59421e-80
611.056 8.54615e-80
611.477 8.46202e-80
611.897 8.35274e-80
612.318 8.23445e-80
612.739 8.12569e-80
613.16 8.0443e-80
613.581 8.00433e-80
614.002 8.0137e-80
614.423 8.07279e-80
614.843 8.17439e-80
615.264 8.30484e-80
615.685 8.44622e-80
616.106 8.57912e-80
616.527 8.68558e-80
616.948 8.75162e-80
617.368 8.76901e-80
617.789 8.73606e-80
618.21 8.65725e-80
618.631 8.54195e-80
619.052 8.40251e-80
619.473 8.25197e-80
619.893 8.10203e-80
620.314 7.96137e-80
620.735 7.83477e-80
621.156 7.72298e-80
621.577 7.62346e-80
621.998 7.53149e-80
622.418 7.44177e-80
622.839 7.34986e-80
623.26 7.25339e-80
623.681 7.15273e-80
624.102 7.05111e-80
624.523 6.95413e-80
624.943 6.86885e-80
625.364 6.80258e-80
625.785 6.76169e-80
626.206 6.7505e-80
626.627 6.77065e-80
627.048 6.82074e-80
627.468 6.89652e-80
627.889 6.99143e-80
628.31 7.09739e-80
628.731 7.20571e-80
629.152 7.30796e-80
629.573 7.39674e-80
629.993 7.46617e-80
630.414 7.51221e-80
630.835 7.53267e-80
631.256 7.52713e-80
631.677 7.49668e-80
632.098 7.44369e-80
632.519 7.37159e-80
632.939 7.2846e-80
633.36 7.18758e-80
633.781 7.08584e-80
634.202 6.98493e-80
634.623 6.8903e-80
635.044 6.80696e-80
635.464 6.739e-80
635.885 6.6891e-80
636.306 6.65811e-80
636.727 6.64473e-80
637.148 6.64548e-80
637.569 6.65489e-80
637.989 6.66607e-80
638.41 6.67155e-80
638.831 6.66427e-80
639.252 6.63875e-80
639.673 6.59201e-80
640.094 6.52431e-80
640.514 6.4394e-80
640.935 6.34423e-80
641.356 6.2482e-80
641.777 6.16183e-80
642.198 6.09524e-80
642.619 6.05655e-80
643.039 6.05047e-80
643.46 6.07738e-80
643.881 6.13306e-80
644.302 6.20915e-80
644.723 6.29431e-80
645.144 6.37594e-80
645.564 6.44219e-80
645.985 6.48381e-80
646.406 6.49578e-80
646.827 6.47804e-80
647.248 6.43555e-80
647.669 6.37737e-80
648.089 6.31497e-80
648.51 6.26017e-80
648.931 6.22285e-80
649.352 6.20911e-80
649.773 6.21999e-80
650.194 6.25119e-80
650.615 6.29373e-80
651.035 6.33557e-80
651.456 6.3638e-80
651.877 6.3671e-80
652.298 6.33789e-80
652.719 6.27387e-80
653.14 6.17864e-80
653.56 6.06111e-80
653.981 5.93405e-80
654.402 5.81181e-80
654.823 5.70784e-80
655.244 5.63226e-80
655.665 5.59019e-80
656.085 5.58103e-80
656.506 5.59877e-80
656.927 5.63349e-80
657.348 5.67345e-80
657.769 5.70761e-80
658.19 5.72793e-80
658.61 5.73097e-80
659.031 5.71854e-80
659.452 5.69713e-80
659.873 5.67642e-80
660.294 5.66697e-80
660.715 5.67764e-80
661.135 5.71341e-80
661.556 5.77383e-80
661.977 5.85262e-80
662.398 5.93853e-80
662.819 6.01724e-80
663.24 6.07396e-80
663.66 6.09634e-80
664.081 6.07688e-80
664.502 6.01462e-80
664.923 5.91552e-80
665.344 5.79155e-80
665.765 5.65865e-80
666.186 5.53391e-80
666.606 5.43252e-80
667.027 5.36511e-80
667.448 5.33595e-80
667.869 5.34249e-80
668.29 5.37608e-80
668.711 5.42397e-80
669.131 5.472e-80
669.552 5.50751e-80
669.973 5.52181e-80
670.394 5.51185e-80
670.815 5.48054e-80
671.236 5.43591e-80
671.656 5.38911e-80
672.077 5.35186e-80
672.498 5.33372e-80
672.919 5.33994e-80
673.34 5.37015e-80
673.761 5.41839e-80
674.181 5.47429e-80
674.602 5.52526e-80
675.023 5.55917e-80
675.444 5.56698e-80
675.865 5.54472e-80
676.286 5.4945e-80
676.706 5.42415e-80
677.127 5.34569e-80
677.548 5.27292e-80
677.969 5.21856e-80
678.39 5.19163e-80
678.811 5.19548e-80
679.231 5.22709e-80
679.652 5.27757e-80
680.073 5.33399e-80
680.494 5.38192e-80
680.915 5.40848e-80
681.336 5.40495e-80
681.756 5.36864e-80
682.177 5.30353e-80
682.598 5.21955e-80
683.019 5.13069e-80
683.44 5.05226e-80
683.861 4.99785e-80
684.282 4.97669e-80
684.702 4.99186e-80
685.123 5.03965e-80
685.544 5.11036e-80
685.965 5.19022e-80
686.386 5.26406e-80
686.807 5.31826e-80
687.227 5.34334e-80
687.648 5.33562e-80
688.069 5.29775e-80
688.49 5.238e-80
688.911 5.16837e-80
689.332 5.10208e-80
689.752 5.05089e-80
690.173 5.02277e-80
690.594 5.02042e-80
691.015 5.04096e-80
691.436 5.07673e-80
691.857 5.11705e-80
692.277 5.15063e-80
692.698 5.16795e-80
693.119 5.16327e-80
693.54 5.13582e-80
693.961 5.08981e-80
694.382 5.03354e-80
694.802 4.97749e-80
695.223 4.93213e-80
695.644 4.90558e-80
696.065 4.90195e-80
696.486 4.92036e-80
696.907 4.95514e-80
697.327 4.99693e-80
697.748 5.03459e-80
698.169 5.05744e-80
698.59 5.05749e-80
699.011 5.03101e-80
699.432 4.97938e-80
699.852 4.90886e-80
700.273 4.82947e-80
700.694 4.7531e-80
701.115 4.69135e-80
701.536 4.65344e-80
701.957 4.64463e-80
702.378 4.66541e-80
702.798 4.71163e-80
703.219 4.7755e-80
703.64 4.84716e-80
704.061 4.91664e-80
704.482 4.97568e-80
704.903 5.01908e-80
705.323 5.04538e-80
705.744 5.05674e-80
706.165 5.05806e-80
706.586 5.05555e-80
707.007 5.05514e-80
707.428 5.06088e-80
707.848 5.0739e-80
708.269 5.09196e-80
708.69 5.10972e-80
709.111 5.11972e-80
709.532 5.11387e-80
709.953 5.08505e-80
710.373 5.02872e-80
710.794 4.94405e-80
711.215 4.83441e-80
711.636 4.70729e-80
712.057 4.57333e-80
712.478 4.44501e-80
712.898 4.33489e-80
713.319 4.25395e-80
713.74 4.2101e-80
714.161 4.20718e-80
714.582 4.24459e-80
715.003 4.31746e-80
715.423 4.41749e-80
715.844 4.53408e-80
716.265 4.65579e-80
716.686 4.77167e-80
717.107 4.87248e-80
717.528 4.95155e-80
717.948 5.00519e-80
718.369 5.03275e-80
718.79 5.0362e-80
719.211 5.01951e-80
719.632 4.98789e-80
720.053 4.94692e-80
720.474 4.90184e-80
720.894 4.85698e-80
721.315 4.81539e-80
721.736 4.77876e-80
722.157 4.74742e-80
722.578 4.72066e-80
722.999 4.69707e-80
723.419 4.67492e-80
723.84 4.65256e-80
724.261 4.6288e-80
724.682 4.60312e-80
725.103 4.57578e-80
725.524 4.54788e-80
725.944 4.52117e-80
726.365 4.49788e-80
726.786 4.48042e-80
727.207 4.47099e-80
727.628 4.47129e-80
728.049 4.48216e-80
728.469 4.5034e-80
728.89 4.53357e-80
729.311 4.57008e-80
729.732 4.60926e-80
730.153 4.64673e-80
730.574 4.67774e-80
730.994 4.69779e-80
731.415 4.70309e-80
731.836 4.69113e-80
732.257 4.66115e-80
732.678 4.61443e-80
733.099 4.55434e-80
733.519 4.48621e-80
733.94 4.4169e-80
734.361 4.35412e-80
734.782 4.30559e-80
735.203 4.2781e-80
735.624 4.27659e-80
736.044 4.30335e-80
736.465 4.3576e-80
736.886 4.43526e-80
737.307 4.52934e-80
737.728 4.63054e-80
738.149 4.72841e-80
738.57 4.81251e-80
738.99 4.87383e-80
739.411 4.90588e-80
739.832 4.90558e-80
740.253 4.87361e-80
740.674 4.8143e-80
741.095 4.73486e-80
741.515 4.64434e-80
741.936 4.55221e-80
742.357 4.46695e-80
742.778 4.39491e-80
743.199 4.33943e-80
743.62 4.3007e-80
744.04 4.27603e-80
744.461 4.26077e-80
744.882 4.24949e-80
745.303 4.23736e-80
745.724 4.22133e-80
746.145 4.20097e-80
746.565 4.17869e-80
746.986 4.1594e-80
747.407 4.1496e-80
747.828 4.156e-80
748.249 4.18405e-80
748.67 4.23658e-80
749.09 4.31286e-80
749.511 4.40826e-80
749.932 4.51462e-80
750.353 4.62127e-80
750.774 4.71652e-80
751.195 4.78946e-80
751.615 4.83157e-80
752.036 4.83803e-80
752.457 4.80839e-80
752.878 4.74655e-80
753.299 4.66004e-80
753.72 4.55869e-80
754.141 4.45314e-80
754.561 4.3532e-80
754.982 4.26661e-80
755.403 4.19821e-80
755.824 4.14978e-80
756.245 4.12042e-80
756.666 4.10743e-80
757.086 4.10732e-80
757.507 4.11688e-80
757.928 4.13389e-80
758.349 4.15748e-80
758.77 4.18791e-80
759.191 4.22602e-80
759.611 4.27238e-80
760.032 4.32646e-80
760.453 4.38595e-80
760.874 4.44661e-80
761.295 4.50255e-80
761.716 4.54702e-80
762.136 4.57356e-80
762.557 4.57726e-80
762.978 4.55585e-80
763.399 4.51041e-80
763.82 4.44544e-80
764.241 4.36832e-80
764.661 4.2882e-80
765.082 4.21448e-80
765.503 4.15524e-80
765.924 4.11591e-80
766.345 4.09839e-80
766.766 4.10093e-80
767.186 4.11866e-80
767.607 4.14474e-80
768.028 4.17193e-80
768.449 4.19409e-80
768.87 4.20755e-80
769.291 4.21176e-80
769.711 4.20935e-80
770.132 4.20541e-80
770.553 4.20617e-80
770.974 4.21745e-80
771.395 4.24308e-80
771.816 4.28376e-80
772.237 4.33652e-80
772.657 4.39499e-80
773.078 4.45041e-80
773.499 4.4932e-80
773.92 4.51475e-80
774.341 4.50915e-80
774.762 4.47444e-80
775.182 4.41307e-80
775.603 4.33167e-80
776.024 4.23991e-80
776.445 4.14885e-80
776.866 4.06911e-80
777.287 4.00909e-80
777.707 3.9737e-80
778.128 3.96384e-80
778.549 3.97657e-80
778.97 4.0061e-80
779.391 4.04519e-80
779.812 4.08672e-80
780.232 4.12511e-80
780.653 4.15721e-80
781.074 4.18257e-80
781.495 4.20295e-80
781.916 4.22141e-80
782.337 4.24094e-80
782.757 4.26326e-80
783.178 4.2879e-80
783.599 4.3119e-80
784.02 4.33023e-80
784.441 4.3368e-80
784.862 4.32595e-80
785.282 4.29404e-80
785.703 4.24072e-80
786.124 4.16967e-80
786.545 4.08852e-80
786.966 4.00785e-80
787.387 3.93958e-80
787.807 3.89478e-80
788.228 3.88165e-80
788.649 3.90369e-80
789.07 3.95884e-80
789.491 4.03947e-80
789.912 4.13353e-80
790.333 4.22644e-80
790.753 4.30362e-80
791.174 4.35303e-80
791.595 4.36726e-80
792.016 4.34491e-80
792.437 4.29076e-80
792.858 4.21491e-80
793.278 4.13089e-80
793.699 4.05319e-80
794.12 3.9946e-80
794.541 3.96394e-80
794.962 3.96453e-80
795.383 3.99372e-80
795.803 4.04353e-80
796.224 4.10233e-80
796.645 4.15709e-80
797.066 4.19587e-80
797.487 4.21011e-80
797.908 4.19609e-80
798.328 4.15557e-80
798.749 4.09526e-80
799.17 4.02546e-80
799.591 3.958e-80
800.012 3.90396e-80
800.433 3.87166e-80
800.853 3.86519e-80
801.274 3.88386e-80
801.695 3.92252e-80
802.116 3.97286e-80
802.537 4.0251e-80
802.958 4.07002e-80
803.378 4.10076e-80
803.799 4.11402e-80
804.22 4.11055e-80
804.641 4.09475e-80
805.062 4.07357e-80
805.483 4.05484e-80
805.903 4.04553e-80
806.324 4.05017e-80
806.745 4.06978e-80
807.166 4.10156e-80
807.587 4.13934e-80
808.008 4.1748e-80
808.429 4.19901e-80
808.849 4.20425e-80
809.27 4.18558e-80
809.691 4.14187e-80
810.112 4.07626e-80
810.533 3.99568e-80
810.954 3.90986e-80
811.374 3.82972e-80
811.795 3.76561e-80
812.216 3.72565e-80
812.637 3.71448e-80
813.058 3.73256e-80
813.479 3.77628e-80
813.899 3.83858e-80
814.32 3.91022e-80
814.741 3.98128e-80
815.162 4.04272e-80
815.583 4.08762e-80
816.004 4.1121e-80
816.424 4.11558e-80
816.845 4.10058e-80
817.266 4.07196e-80
817.687 4.03592e-80
818.108 3.9988e-80
818.529 3.96612e-80
818.949 3.94173e-80
819.37 3.92745e-80
819.791 3.92306e-80
820.212 3.92668e-80
820.633 3.93539e-80
821.054 3.94593e-80
821.474 3.9554e-80
821.895 3.96174e-80
822.316 3.96396e-80
822.737 3.96215e-80
823.158 3.95718e-80
823.579 3.95028e-80
824 3.94258e-80
824.42 3.93478e-80
824.841 3.92689e-80
825.262 3.91828e-80
825.683 3.90792e-80
826.104 3.89476e-80
826.525 3.87819e-80
826.945 3.85848e-80
827.366 3.83697e-80
827.787 3.81609e-80
828.208 3.79908e-80
828.629 3.78947e-80
829.05 3.79034e-80
829.47 3.80368e-80
829.891 3.82971e-80
830.312 3.8666e-80
830.733 3.91043e-80
831.154 3.95562e-80
831.575 3.99571e-80
831.995 4.0243e-80
832.416 4.03623e-80
832.837 4.02847e-80
833.258 4.00083e-80
833.679 3.9562e-80
834.1 3.90023e-80
834.52 3.84053e-80
834.941 3.78555e-80
835.362 3.74316e-80
835.783 3.71937e-80
836.204 3.71727e-80
836.625 3.73648e-80
837.045 3.77315e-80
837.466 3.82062e-80
837.887 3.87054e-80
838.308 3.91432e-80
838.729 3.94462e-80
839.15 3.95664e-80
839.57 3.9489e-80
839.991 3.92349e-80
840.412 3.88558e-80
840.833 3.84243e-80
841.254 3.80193e-80
841.675 3.77111e-80
842.096 3.75475e-80
842.516 3.75452e-80
842.937 3.76862e-80
843.358 3.79223e-80
843.779 3.81846e-80
844.2 3.83979e-80
844.621 3.84965e-80
845.041 3.84379e-80
845.462 3.82126e-80
845.883 3.78475e-80
846.304 3.74015e-80
846.725 3.69555e-80
847.146 3.65973e-80
847.566 3.64049e-80
847.987 3.64314e-80
848.408 3.66939e-80
848.829 3.71695e-80
849.25 3.77982e-80
849.671 3.8493e-80
850.091 3.9154e-80
850.512 3.96863e-80
850.933 4.00151e-80
851.354 4.0098e-80
851.775 3.99309e-80
852.196 3.95465e-80
852.616 3.90072e-80
853.037 3.83921e-80
853.458 3.77825e-80
853.879 3.72477e-80
854.3 3.68346e-80
854.721 3.65621e-80
855.141 3.64217e-80
855.562 3.63834e-80
855.983 3.64059e-80
856.404 3.64475e-80
856.825 3.64768e-80
857.246 3.64794e-80
857.666 3.64602e-80
858.087 3.64408e-80
858.508 3.64521e-80
858.929 3.65255e-80
859.35 3.66828e-80
859.771 3.69289e-80
860.192 3.72483e-80
860.612 3.76067e-80
861.033 3.79562e-80
861.454 3.82453e-80
861.875 3.84289e-80
862.296 3.84783e-80
862.717 3.83873e-80
863.137 3.81741e-80
863.558 3.78782e-80
863.979 3.75519e-80
864.4 3.72504e-80
864.821 3.702e-80
865.242 3.6889e-80
865.662 3.68619e-80
866.083 3.69189e-80
866.504 3.7021e-80
866.925 3.71187e-80
867.346 3.71632e-80
867.767 3.71182e-80
868.187 3.6968e-80
868.608 3.67222e-80
869.029 3.64148e-80
869.45 3.60975e-80
869.871 3.58299e-80
870.292 3.56673e-80
870.712 3.56492e-80
871.133 3.5791e-80
871.554 3.608e-80
871.975 3.64772e-80
872.396 3.69243e-80
872.817 3.73538e-80
873.237 3.77009e-80
873.658 3.79153e-80
874.079 3.79683e-80
874.5 3.78572e-80
874.921 3.76035e-80
875.342 3.72472e-80
875.762 3.68381e-80
876.183 3.64261e-80
876.604 3.60529e-80
877.025 3.57459e-80
877.446 3.5517e-80
877.867 3.53642e-80
878.288 3.52772e-80
878.708 3.52436e-80
879.129 3.52553e-80
879.55 3.53118e-80
879.971 3.54215e-80
880.392 3.55983e-80
880.813 3.58556e-80
881.233 3.61991e-80
881.654 3.66203e-80
882.075 3.70914e-80
882.496 3.7566e-80
882.917 3.79828e-80
883.338 3.82745e-80
883.758 3.83797e-80
884.179 3.82552e-80
884.6 3.78864e-80
885.021 3.72939e-80
885.442 3.65337e-80
885.863 3.56916e-80
886.283 3.48712e-80
886.704 3.4178e-80
887.125 3.3703e-80
887.546 3.35072e-80
887.967 3.36115e-80
888.388 3.39925e-80
888.808 3.45861e-80
889.229 3.52986e-80
889.65 3.60214e-80
890.071 3.66493e-80
890.492 3.70973e-80
890.913 3.73133e-80
891.333 3.72853e-80
891.754 3.7041e-80
892.175 3.66405e-80
892.596 3.61644e-80
893.017 3.56983e-80
893.438 3.53176e-80
893.858 3.50754e-80
894.279 3.4995e-80
894.7 3.50685e-80
895.121 3.52609e-80
895.542 3.55191e-80
895.963 3.57833e-80
896.384 3.59984e-80
896.804 3.6124e-80
897.225 3.61398e-80
897.646 3.60474e-80
898.067 3.5867e-80
898.488 3.56313e-80
898.909 3.53778e-80
899.329 3.51412e-80
899.75 3.49472e-80
900.171 3.48096e-80
900.592 3.47308e-80
901.013 3.47041e-80
901.434 3.47185e-80
901.854 3.47636e-80
902.275 3.48332e-80
902.696 3.4927e-80
903.117 3.50498e-80
903.538 3.52082e-80
903.959 3.54064e-80
904.379 3.56411e-80
904.8 3.58982e-80
905.221 3.61519e-80
905.642 3.63664e-80
906.063 3.65013e-80
906.484 3.65182e-80
906.904 3.63891e-80
907.325 3.6103e-80
907.746 3.56715e-80
908.167 3.5129e-80
908.588 3.45305e-80
909.009 3.39439e-80
909.429 3.34407e-80
909.85 3.30849e-80
910.271 3.29224e-80
910.692 3.29736e-80
911.113 3.32297e-80
911.534 3.36536e-80
911.955 3.4186e-80
912.375 3.47546e-80
912.796 3.52854e-80
913.217 3.57145e-80
913.638 3.59971e-80
914.059 3.61139e-80
914.48 3.60716e-80
914.9 3.59008e-80
915.321 3.56477e-80
915.742 3.53654e-80
916.163 3.51034e-80
916.584 3.48988e-80
917.005 3.47703e-80
917.425 3.47162e-80
917.846 3.47165e-80
918.267 3.47388e-80
918.688 3.4746e-80
919.109 3.47054e-80
919.53 3.45965e-80
919.95 3.44161e-80
920.371 3.41803e-80
920.792 3.39216e-80
921.213 3.36834e-80
921.634 3.35117e-80
922.055 3.34456e-80
922.475 3.35091e-80
922.896 3.37055e-80
923.317 3.40144e-80
923.738 3.43947e-80
924.159 3.47894e-80
924.58 3.51354e-80
925 3.53737e-80
925.421 3.54591e-80
925.842 3.5369e-80
926.263 3.51075e-80
926.684 3.47058e-80
927.105 3.42179e-80
927.525 3.37121e-80
927.946 3.32608e-80
928.367 3.29289e-80
928.788 3.27634e-80
929.209 3.27863e-80
929.63 3.29912e-80
930.051 3.33449e-80
930.471 3.37929e-80
930.892 3.42689e-80
931.313 3.47051e-80
931.734 3.50436e-80
932.155 3.52447e-80
932.576 3.52921e-80
932.996 3.51942e-80
933.417 3.49806e-80
933.838 3.46956e-80
934.259 3.43885e-80
934.68 3.4105e-80
935.101 3.38786e-80
935.521 3.37257e-80
935.942 3.3644e-80
936.363 3.36156e-80
936.784 3.3612e-80
937.205 3.36027e-80
937.626 3.35626e-80
938.046 3.34788e-80
938.467 3.33543e-80
938.888 3.32074e-80
939.309 3.30684e-80
939.73 3.29721e-80
940.151 3.29501e-80
940.571 3.30218e-80
940.992 3.31891e-80
941.413 3.34338e-80
941.834 3.37191e-80
942.255 3.39961e-80
942.676 3.42122e-80
943.096 3.4322e-80
943.517 3.42969e-80
943.938 3.41316e-80
944.359 3.38471e-80
944.78 3.3488e-80
945.201 3.31152e-80
945.621 3.27952e-80
946.042 3.25875e-80
946.463 3.25335e-80
946.884 3.26478e-80
947.305 3.29152e-80
947.726 3.32925e-80
948.147 3.37164e-80
948.567 3.41151e-80
948.988 3.44215e-80
949.409 3.45854e-80
949.83 3.45831e-80
950.251 3.44209e-80
950.672 3.41335e-80
951.092 3.37762e-80
951.513 3.34134e-80
951.934 3.31053e-80
952.355 3.2896e-80
952.776 3.28042e-80
953.197 3.28208e-80
953.617 3.29109e-80
954.038 3.30227e-80
954.459 3.30993e-80
954.88 3.30923e-80
955.301 3.2973e-80
955.722 3.2741e-80
956.142 3.24249e-80
956.563 3.20783e-80
956.984 3.17691e-80
957.405 3.15662e-80
957.826 3.15242e-80
958.247 3.16717e-80
958.667 3.20034e-80
959.088 3.24795e-80
959.509 3.30314e-80
959.93 3.35742e-80
960.351 3.4022e-80
960.772 3.43042e-80
961.192 3.43792e-80
961.613 3.42424e-80
962.034 3.39277e-80
962.455 3.35006e-80
962.876 3.30458e-80
963.297 3.26512e-80
963.717 3.23901e-80
964.138 3.23072e-80
964.559 3.241e-80
964.98 3.26672e-80
965.401 3.30149e-80
965.822 3.33689e-80
966.243 3.36417e-80
966.663 3.37597e-80
967.084 3.36775e-80
967.505 3.33871e-80
967.926 3.29203e-80
968.347 3.23425e-80
968.768 3.1741e-80
969.188 3.12094e-80
969.609 3.083e-80
970.03 3.06599e-80
970.451 3.07212e-80
970.872 3.09983e-80
971.293 3.14416e-80
971.713 3.1978e-80
972.134 3.25245e-80
972.555 3.30028e-80
972.976 3.33525e-80
973.397 3.35396e-80
973.818 3.35594e-80
974.238 3.34342e-80
974.659 3.32056e-80
975.08 3.2924e-80
975.501 3.2638e-80
975.922 3.23847e-80
976.343 3.2185e-80
976.763 3.20421e-80
977.184 3.19446e-80
977.605 3.18734e-80
978.026 3.18093e-80
978.447 3.17405e-80
978.868 3.16666e-80
979.288 3.16004e-80
979.709 3.15647e-80
980.13 3.15861e-80
980.551 3.16872e-80
980.972 3.18787e-80
981.393 3.21543e-80
981.814 3.24879e-80
982.234 3.28366e-80
982.655 3.31472e-80
983.076 3.33653e-80
983.497 3.3446e-80
983.918 3.33634e-80
984.339 3.31171e-80
984.759 3.27333e-80
985.18 3.22621e-80
985.601 3.17689e-80
986.022 3.13234e-80
986.443 3.0987e-80
986.864 3.08019e-80
987.284 3.07834e-80
987.705 3.09172e-80
988.126 3.11623e-80
988.547 3.14587e-80
988.968 3.17389e-80
989.389 3.19408e-80
989.809 3.20188e-80
990.23 3.1953e-80
990.651 3.17527e-80
991.072 3.14544e-80
991.493 3.11157e-80
991.914 3.08044e-80
992.334 3.05863e-80
992.755 3.05137e-80
993.176 3.06158e-80
993.597 3.08937e-80
994.018 3.13204e-80
994.439 3.18447e-80
994.859 3.23999e-80
995.28 3.29139e-80
995.701 3.332e-80
996.122 3.35668e-80
996.543 3.36237e-80
996.964 3.34849e-80
997.384 3.31677e-80
997.805 3.27089e-80
998.226 3.21583e-80
998.647 3.15718e-80
999.068 3.10039e-80
999.489 3.05023e-80
999.91 3.0104e-80
